-3.010299956639811980e-01 0.000000000000000000e+00
-2.885821501628773600e-01 1.652479744288301231e-02
-2.761343046617735220e-01 1.766733085493656791e-02
-2.636864591606696839e-01 1.881861884367402524e-02
-2.512386136595658459e-01 1.997510045675249257e-02
-2.387907681584620356e-01 2.113426996179300008e-02
-2.263429226573581976e-01 2.229490889047603536e-02
-2.138950771562543873e-01 2.345729409596808770e-02
-2.014472316551505493e-01 2.462337163404484594e-02
-1.889993861540467113e-01 2.579688676097742148e-02
-1.765515406529428732e-01 2.698346126428394914e-02
-1.641036951518390352e-01 2.819061072195168730e-02
-1.516558496507351972e-01 2.942769610172443762e-02
-1.392080041496313592e-01 3.070580632384239950e-02
-1.267601586485275489e-01 3.203757095747010453e-02
-1.143123131474237109e-01 3.343690502001375048e-02
-1.018644676463198728e-01 3.491869079729782721e-02
-8.941662214521603480e-02 3.649840458109712693e-02
-7.696877664411219677e-02 3.819169909437310911e-02
-6.452093114300838650e-02 4.001395499952625778e-02
-5.207308564190454847e-02 4.197981711296144142e-02
-3.962524014080071044e-02 4.410273263555955503e-02
-2.717739463969687241e-02 4.639450972033008075e-02
-1.472954913859303439e-02 4.886491492363730094e-02
-2.281703637489196357e-03 5.152132744354723237e-02
1.016614186361464167e-02 5.436846649629908240e-02
2.261398736471847970e-02 5.740820572560711987e-02
3.506183286582226222e-02 6.063948523890009407e-02
4.750967836692610025e-02 6.405832783559080312e-02
5.995752386802993827e-02 6.765796140644929346e-02
7.240536936913377630e-02 7.142904456189218265e-02
8.485321487023761433e-02 7.535998755283597472e-02
9.730106037134145236e-02 7.943735576950598787e-02
1.097489058724452904e-01 8.364633883867984843e-02
1.221967513735491284e-01 8.797126487397602390e-02
1.346445968746529664e-01 9.239613701818634450e-02
1.470924423757568045e-01 9.690516824993870848e-02
1.595402878768606425e-01 1.014832906327030465e-01
1.719881333779644250e-01 1.061166167991534487e-01
1.844359788790682630e-01 1.107928344299317219e-01
1.968838243801721011e-01 1.155015186477121591e-01
2.093316698812759946e-01 1.202343523599595093e-01
2.217795153823797771e-01 1.249852503257728314e-01
2.342273608834835597e-01 1.297503887173664383e-01
2.466752063845874532e-01 1.345281477894780808e-01
2.591230518856912357e-01 1.393189805545187177e-01
2.715708973867951292e-01 1.441252247115359930e-01
2.840187428878989118e-01 1.489508781748324906e-01
2.964665883890028053e-01 1.538013601572924549e-01
3.089144338901065878e-01 1.586832797482816970e-01
3.213622793912104814e-01 1.636042322618353473e-01
3.338101248923142639e-01 1.685726404070487794e-01
3.462579703934181574e-01 1.735976527471436437e-01
3.587058158945219399e-01 1.786891062603184199e-01
3.711536613956257225e-01 1.838575534646200160e-01
3.836015068967296160e-01 1.891143479439455211e-01
3.960493523978333985e-01 1.944717756623317029e-01
4.084971978989372920e-01 1.999432136268684546e-01
4.209450434000410746e-01 2.055432926749063416e-01
4.333928889011449681e-01 2.112880377853896818e-01
4.458407344022487506e-01 2.171949576377613933e-01
4.582885799033526442e-01 2.232830553634259085e-01
4.707364254044564267e-01 2.295727346481293285e-01
4.831842709055603202e-01 2.360855795292660375e-01
4.956321164066641027e-01 2.428439922552086960e-01
5.080799619077678297e-01 2.498706811868038891e-01
5.205278074088717233e-01 2.571879995719441037e-01
5.329756529099756168e-01 2.648171456694204950e-01
5.454234984110795104e-01 2.727772446224241421e-01
5.578713439121831819e-01 2.810843421209437976e-01
5.703191894132870754e-01 2.897503486613579038e-01
5.827670349143909689e-01 2.987819805375104831e-01
5.952148804154948625e-01 3.081797490524555427e-01
6.076627259165985340e-01 3.179370523750325583e-01
6.201105714177024275e-01 3.280394246434069627e-01
6.325584169188063210e-01 3.384639941411937136e-01
6.450062624199099925e-01 3.491791966045996731e-01
6.574541079210138861e-01 3.601447810987769560e-01
6.699019534221177796e-01 3.713121347417130957e-01
6.823497989232216732e-01 3.826249393342353589e-01
6.947976444243253447e-01 3.940201582993703155e-01
7.072454899254292382e-01 4.054293369800798241e-01
7.196933354265331317e-01 4.167801840988335504e-01
7.321411809276368032e-01 4.279983878709122669e-01
7.445890264287406968e-01 4.390096076898070687e-01
7.570368719298445903e-01 4.497415721817787926e-01
7.694847174309482618e-01 4.601262073468019853e-01
7.819325629320521553e-01 4.701017148873002371e-01
7.943804084331560489e-01 4.796145209006527632e-01
8.068282539342599424e-01 4.886210188922762709e-01
8.192760994353636139e-01 4.970890383582020067e-01
8.317239449364675075e-01 5.049989805970235279e-01
8.441717904375714010e-01 5.123445763781689921e-01
8.566196359386752945e-01 5.191332349217633313e-01
8.690674814397789660e-01 5.253859695543190433e-01
8.815153269408828596e-01 5.311369015792147819e-01
8.939631724419867531e-01 5.364323595439010051e-01
9.064110179430904246e-01 5.413296054666876245e-01
9.188588634441943181e-01 5.458952320836080174e-01
9.313067089452982117e-01 5.502032853120887301e-01
9.437545544464021052e-01 5.543331735889487355e-01
9.562023999475057767e-01 5.583674303846488662e-01
9.686502454486096703e-01 5.623893980515255464e-01
9.810980909497135638e-01 5.664809004108575241e-01
9.935459364508174573e-01 5.707199684274962825e-01
1.005993781951921129e+00 5.751786783576386952e-01
1.018441627453025022e+00 5.799211553369491012e-01
1.030889472954128916e+00 5.850017879600035720e-01
1.043337318455232587e+00 5.904636914309914220e-01
1.055785163956336481e+00 5.963374487265103996e-01
1.068233009457440374e+00 6.026401512132162352e-01
1.080680854958544268e+00 6.093747525316232094e-01
1.093128700459647940e+00 6.165297424294768902e-01
1.105576545960751833e+00 6.240791406625141313e-01
1.118024391461855727e+00 6.319828050739858538e-01
1.130472236962959620e+00 6.401870424749180888e-01
1.142920082464063292e+00 6.486255059172977289e-01
1.155367927965167185e+00 6.572203573334076676e-01
1.167815773466271079e+00 6.658836702835039256e-01
1.180263618967374750e+00 6.745190437265804473e-01
1.192711464468478644e+00 6.830233943608789993e-01
1.205159309969582537e+00 6.912888922627266064e-01
1.217607155470686431e+00 6.992050023950594495e-01
1.230055000971790102e+00 7.066605931723961564e-01
1.242502846472893996e+00 7.135460727468035946e-01
1.254950691973997889e+00 7.197555140664426698e-01
1.267398537475101783e+00 7.251887310411103682e-01
1.279846382976205454e+00 7.297532702452934616e-01
1.292294228477309348e+00 7.333662853473494891e-01
1.304742073978413242e+00 7.359562646649911999e-01
1.317189919479516913e+00 7.374645856632050522e-01
1.329637764980620807e+00 7.378468735868658479e-01
1.342085610481724700e+00 7.370741445192832142e-01
1.354533455982828594e+00 7.351337158122714932e-01
1.366981301483932265e+00 7.320298689593071062e-01
1.379429146985036159e+00 7.277842515985096794e-01
1.391876992486140052e+00 7.224360065657898788e-01
1.404324837987243946e+00 7.160416170012577908e-01
1.416772683488347617e+00 7.086744577535073475e-01
1.429220528989451511e+00 7.004240450794810835e-01
1.441668374490555404e+00 6.913949792539089145e-01
1.454116219991659076e+00 6.817055784835714949e-01
1.466564065492762969e+00 6.714862076732086571e-01
1.479011910993866863e+00 6.608773121820901153e-01
1.491459756494970756e+00 6.500271746528942796e-01
1.503907601996074428e+00 6.390894220285767702e-01
1.516355447497178321e+00 6.282203195814131114e-01
1.528803292998282215e+00 6.175758986158194075e-01
1.541251138499386109e+00 6.073089738444145125e-01
1.553698984000489780e+00 5.975661146203361529e-01
1.566146829501593674e+00 5.884846406184832679e-01
1.578594675002697567e+00 5.801897166692752128e-01
1.591042520503801239e+00 5.727916228801424037e-01
1.603490366004905132e+00 5.663832747313178873e-01
1.615938211506009026e+00 5.610380635028167084e-01
1.628386057007112919e+00 5.568080803480370822e-01
1.640833902508216591e+00 5.537227779380424764e-01
1.653281748009320484e+00 5.517881123201955340e-01
1.665729593510424378e+00 5.509861949994635522e-01
1.678177439011528271e+00 5.512754718086978478e-01
1.690625284512631943e+00 5.525914313903889097e-01
1.703073130013735614e+00 5.548478324911779724e-01
1.715520975514839730e+00 5.579384260907747084e-01
1.727968821015943401e+00 5.617391358605657858e-01
1.740416666517047517e+00 5.661106486953040307e-01
1.752864512018151188e+00 5.709013561496454336e-01
1.765312357519254860e+00 5.759505775972062480e-01
1.777760203020358976e+00 5.810919869113657654e-01
1.790208048521462647e+00 5.861571566282753887e-01
1.802655894022566319e+00 5.909791271928442891e-01
1.815103739523670434e+00 5.953959044309706794e-01
1.827551585024774106e+00 5.992537863643061513e-01
1.839999430525877777e+00 6.024104214750699571e-01
1.852447276026981893e+00 6.047375051148901060e-01
1.864895121528085564e+00 6.061230294121170425e-01
1.877342967029189680e+00 6.064730150529479280e-01
1.889790812530293351e+00 6.057126706986712961e-01
1.902238658031397023e+00 6.037869472083382538e-01
1.914686503532501138e+00 6.006604785240065025e-01
1.927134349033604810e+00 5.963169279339357587e-01
1.939582194534708481e+00 5.907577859705385181e-01
1.952030040035812597e+00 5.840006927157944672e-01
1.964477885536916268e+00 5.760773809316155347e-01
1.976925731038019940e+00 5.670313553945095508e-01
1.989373576539124056e+00 5.569154364862313189e-01
2.001821422040227727e+00 5.457893012358525642e-01
2.014269267541331843e+00 5.337171518943488735e-01
2.026717113042435514e+00 5.207656306318128037e-01
2.039164958543539186e+00 5.070020796203634772e-01
2.051612804044643301e+00 4.924932197902255337e-01
2.064060649545746973e+00 4.773042906813282360e-01
2.076508495046850644e+00 4.614986602572129226e-01
2.088956340547954760e+00 4.451378797632251638e-01
2.101404186049058431e+00 4.282821272137236623e-01
2.113852031550162103e+00 4.109909562403711858e-01
2.126299877051266218e+00 3.933242468189681040e-01
2.138747722552369890e+00 3.753432422742969399e-01
2.151195568053474005e+00 3.571115537419470298e-01
2.163643413554577677e+00 3.386960190237138235e-01
2.176091259055681348e+00 3.201673168730382879e-01
