5.000000000000000000e-01 2.956873662903094502e-01
5.100000000000000089e-01 3.161862373541240445e-01
5.200000000000000178e-01 3.381697220659632408e-01
5.300000000000000266e-01 3.619407079790470383e-01
5.400000000000000355e-01 3.880770170542853226e-01
5.500000000000000444e-01 4.170057418405050953e-01
5.600000000000000533e-01 4.490299100585399827e-01
5.700000000000000622e-01 4.842957123875901160e-01
5.800000000000000711e-01 5.229937801805355502e-01
5.900000000000000799e-01 5.666006171050622653e-01
6.000000000000000888e-01 6.158019967638791448e-01
6.100000000000000977e-01 6.706939857821737627e-01
6.200000000000001066e-01 7.313067628679467136e-01
6.300000000000001155e-01 7.982081000257273962e-01
6.400000000000001243e-01 8.716540057896290383e-01
6.500000000000001332e-01 9.497259279764546092e-01
6.600000000000001421e-01 1.031948890226575877e+00
6.700000000000001510e-01 1.117352040553351022e+00
6.800000000000001599e-01 1.201547015820312092e+00
6.900000000000001688e-01 1.281577759421687057e+00
7.000000000000001776e-01 1.359223714790755544e+00
7.100000000000001865e-01 1.431735331482252738e+00
7.200000000000001954e-01 1.494564171783360873e+00
7.300000000000002043e-01 1.547461067235289311e+00
7.400000000000002132e-01 1.589951247443033289e+00
7.500000000000002220e-01 1.623399902948259310e+00
7.600000000000002309e-01 1.652029116826768895e+00
7.700000000000002398e-01 1.675350109943225752e+00
7.800000000000002487e-01 1.692452803175594100e+00
7.900000000000002576e-01 1.702671048136985998e+00
8.000000000000002665e-01 1.706490422966212339e+00
8.100000000000002753e-01 1.705282212603309366e+00
8.200000000000002842e-01 1.701847240631847669e+00
8.300000000000002931e-01 1.700087199647402736e+00
8.400000000000003020e-01 1.696315248435098955e+00
8.500000000000003109e-01 1.688125218236514513e+00
8.600000000000003197e-01 1.677399210290206222e+00
8.700000000000003286e-01 1.663722084387237787e+00
8.800000000000003375e-01 1.650530911159087566e+00
8.900000000000003464e-01 1.638972094242137523e+00
9.000000000000003553e-01 1.626266294781208988e+00
9.100000000000003642e-01 1.616447788812945374e+00
9.200000000000003730e-01 1.608332972606514089e+00
9.300000000000003819e-01 1.602109771645326752e+00
9.400000000000003908e-01 1.598679050254851353e+00
9.500000000000003997e-01 1.593953909673959446e+00
9.600000000000004086e-01 1.589161786289711831e+00
9.700000000000004174e-01 1.588766086463440308e+00
9.800000000000004263e-01 1.589775062745605982e+00
9.900000000000004352e-01 1.586954326044927921e+00
1.000000000000000444e+00 1.582435845113063122e+00
1.010000000000000453e+00 1.579373573070065317e+00
1.020000000000000462e+00 1.574820664238086865e+00
1.030000000000000471e+00 1.569196211513212758e+00
1.040000000000000480e+00 1.561357691829438954e+00
1.050000000000000488e+00 1.549982816808552544e+00
1.060000000000000497e+00 1.537785922135516348e+00
1.070000000000000506e+00 1.525612929215288016e+00
1.080000000000000515e+00 1.512445972267270733e+00
1.090000000000000524e+00 1.497777773902667642e+00
1.100000000000000533e+00 1.482197657238748079e+00
1.110000000000000542e+00 1.466823764009304920e+00
1.120000000000000551e+00 1.451007402671985025e+00
1.130000000000000560e+00 1.434263877131520371e+00
1.140000000000000568e+00 1.418070554728881438e+00
1.150000000000000577e+00 1.402431262848584659e+00
1.160000000000000586e+00 1.386840411865629230e+00
1.170000000000000595e+00 1.369971247648303025e+00
1.180000000000000604e+00 1.352049195468812526e+00
1.190000000000000613e+00 1.334811557778100122e+00
1.200000000000000622e+00 1.319080183063247258e+00
1.210000000000000631e+00 1.304826577272571120e+00
1.220000000000000639e+00 1.291074590232918151e+00
1.230000000000000648e+00 1.276909282482104224e+00
1.240000000000000657e+00 1.262014558003269560e+00
1.250000000000000666e+00 1.246542490307770867e+00
1.260000000000000675e+00 1.231265572117763440e+00
1.270000000000000684e+00 1.217400207554170111e+00
1.280000000000000693e+00 1.205322829536583207e+00
1.290000000000000702e+00 1.193400998310248706e+00
1.300000000000000711e+00 1.180740036298269402e+00
1.310000000000000719e+00 1.168212124915055883e+00
1.320000000000000728e+00 1.156109011926496510e+00
1.330000000000000737e+00 1.144939884329226887e+00
1.340000000000000746e+00 1.135123496428500411e+00
1.350000000000000755e+00 1.125500118050406506e+00
1.360000000000000764e+00 1.115218295403882065e+00
1.370000000000000773e+00 1.105147938679760689e+00
1.380000000000000782e+00 1.096156717803235203e+00
1.390000000000000790e+00 1.087611269199122210e+00
1.400000000000000799e+00 1.078173651434838121e+00
1.410000000000000808e+00 1.067428698457670633e+00
1.420000000000000817e+00 1.056076664055368708e+00
1.430000000000000826e+00 1.044650836364084734e+00
1.440000000000000835e+00 1.032556836117180188e+00
1.450000000000000844e+00 1.019372240024519094e+00
1.460000000000000853e+00 1.005438611282735151e+00
1.470000000000000862e+00 9.914960617564465561e-01
1.480000000000000870e+00 9.778503757802832208e-01
1.490000000000000879e+00 9.637661800829869785e-01
1.500000000000000888e+00 9.488396594669801232e-01
1.510000000000000897e+00 9.334846173684213655e-01
1.520000000000000906e+00 9.179161659878765089e-01
1.530000000000000915e+00 9.023430443406528223e-01
1.540000000000000924e+00 8.871110685786472994e-01
1.550000000000000933e+00 8.720248458933568259e-01
1.560000000000000941e+00 8.567164549965530229e-01
1.570000000000000950e+00 8.411334497457959580e-01
1.580000000000000959e+00 8.257093207183392458e-01
1.590000000000000968e+00 8.110446972248541719e-01
1.600000000000000977e+00 7.970305197398872554e-01
1.610000000000000986e+00 7.832209765664268630e-01
1.620000000000000995e+00 7.696600303166885038e-01
1.630000000000001004e+00 7.567034272182172616e-01
1.640000000000001013e+00 7.445338401328464029e-01
1.650000000000001021e+00 7.330749154882778562e-01
1.660000000000001030e+00 7.222142251205612151e-01
1.670000000000001039e+00 7.119147294296268580e-01
1.680000000000001048e+00 7.021421590907998000e-01
1.690000000000001057e+00 6.929094415622711889e-01
1.700000000000001066e+00 6.841247727184268657e-01
1.710000000000001075e+00 6.757533727888689334e-01
1.720000000000001084e+00 6.678592496982599380e-01
1.730000000000001092e+00 6.603609461012096560e-01
1.740000000000001101e+00 6.534466343653770881e-01
1.750000000000001110e+00 6.473125563233811386e-01
1.760000000000001119e+00 6.416252351464086789e-01
1.770000000000001128e+00 6.361636320098424946e-01
1.780000000000001137e+00 6.310504437572647118e-01
1.790000000000001146e+00 6.262896411414404785e-01
1.800000000000001155e+00 6.217215617172466846e-01
1.810000000000001164e+00 6.171084184519509686e-01
1.820000000000001172e+00 6.124437747248786534e-01
1.830000000000001181e+00 6.079360438283619716e-01
1.840000000000001190e+00 6.036368593570327068e-01
1.850000000000001199e+00 5.995014694424160018e-01
1.860000000000001208e+00 5.954708220041160516e-01
1.870000000000001217e+00 5.914513421699464368e-01
1.880000000000001226e+00 5.874107535085730802e-01
1.890000000000001235e+00 5.832259699754865911e-01
1.900000000000001243e+00 5.788372110936634840e-01
1.910000000000001252e+00 5.745165415961103195e-01
1.920000000000001261e+00 5.703533116628844990e-01
1.930000000000001270e+00 5.659556807614373186e-01
1.940000000000001279e+00 5.609405935235274310e-01
1.950000000000001288e+00 5.552980022803190030e-01
1.960000000000001297e+00 5.493490416212173377e-01
1.970000000000001306e+00 5.435283982011037685e-01
1.980000000000001315e+00 5.379562290912960343e-01
1.990000000000001323e+00 5.324116381441440504e-01
2.000000000000001332e+00 5.267331423572705340e-01
2.010000000000001563e+00 5.208250459158146883e-01
2.020000000000001350e+00 5.145285142960477343e-01
2.030000000000001137e+00 5.078123876697395733e-01
2.040000000000001368e+00 5.007984713652359199e-01
2.050000000000001599e+00 4.935535064663800209e-01
2.060000000000001386e+00 4.859942948154363229e-01
2.070000000000001172e+00 4.780761258987744622e-01
2.080000000000001403e+00 4.699288078192414564e-01
2.090000000000001634e+00 4.617050051006843514e-01
2.100000000000001421e+00 4.535022214114807770e-01
2.110000000000001208e+00 4.452950838835618708e-01
2.120000000000001439e+00 4.370068159791481444e-01
2.130000000000001670e+00 4.286094496966490475e-01
2.140000000000001457e+00 4.200728571674439693e-01
2.150000000000001243e+00 4.113748280169806093e-01
2.160000000000001474e+00 4.025605879692206179e-01
2.170000000000001705e+00 3.937059516031148898e-01
2.180000000000001492e+00 3.849266828830089082e-01
2.190000000000001279e+00 3.763748182220865712e-01
2.200000000000001510e+00 3.680965697262278957e-01
2.210000000000001741e+00 3.599916562145967225e-01
2.220000000000001528e+00 3.518703198251362241e-01
2.230000000000001315e+00 3.436373905177633192e-01
2.240000000000001545e+00 3.354425367740448971e-01
2.250000000000001776e+00 3.274818623785578087e-01
2.260000000000001563e+00 3.198172333289155400e-01
2.270000000000001350e+00 3.124251470366660177e-01
2.280000000000001581e+00 3.052357537847030233e-01
2.290000000000001812e+00 2.981618942734636790e-01
2.300000000000001599e+00 2.911968366480577330e-01
2.310000000000001386e+00 2.845119779833675810e-01
2.320000000000001616e+00 2.783282200240884685e-01
2.330000000000001847e+00 2.726268423424932363e-01
2.340000000000001634e+00 2.671622695081608545e-01
2.350000000000001421e+00 2.617617413459550901e-01
2.360000000000001652e+00 2.564653692892758796e-01
2.370000000000001883e+00 2.513736982949354992e-01
2.380000000000001670e+00 2.464872873724076874e-01
2.390000000000001457e+00 2.418052568511853684e-01
2.400000000000001688e+00 2.374110260983839926e-01
2.410000000000001918e+00 2.333240787999709687e-01
2.420000000000001705e+00 2.294720648614932967e-01
2.430000000000001492e+00 2.258125601332693355e-01
2.440000000000001723e+00 2.223284990198049482e-01
2.450000000000001954e+00 2.189735430010990302e-01
2.460000000000001741e+00 2.157397107969312167e-01
2.470000000000001528e+00 2.127063652967021157e-01
2.480000000000001759e+00 2.099493747696156709e-01
2.490000000000001990e+00 2.074572477869796316e-01
2.500000000000001776e+00 2.051457683792275444e-01
2.510000000000001563e+00 2.029182797658261594e-01
2.520000000000001794e+00 2.007124580219367960e-01
2.530000000000002025e+00 1.985201505515051812e-01
2.540000000000001812e+00 1.963672741470915972e-01
2.550000000000001599e+00 1.942930200986245359e-01
2.560000000000001830e+00 1.923229583704695600e-01
2.570000000000002061e+00 1.904335531636512646e-01
2.580000000000001847e+00 1.885862802669734661e-01
2.590000000000001634e+00 1.867981426757261698e-01
2.600000000000001865e+00 1.851258613609585990e-01
2.610000000000002096e+00 1.835858820326606855e-01
2.620000000000001883e+00 1.821273385086036867e-01
2.630000000000001670e+00 1.806693210735583199e-01
2.640000000000001901e+00 1.791366872582871583e-01
2.650000000000002132e+00 1.774887833200300413e-01
2.660000000000001918e+00 1.757606256060640082e-01
2.670000000000001705e+00 1.740505355048713454e-01
2.680000000000001936e+00 1.724103620717147567e-01
2.690000000000002167e+00 1.707733979009169456e-01
2.700000000000001954e+00 1.690374087944573056e-01
2.710000000000001741e+00 1.671898666297101377e-01
2.720000000000001972e+00 1.652981489743094723e-01
2.730000000000002203e+00 1.634139509312336203e-01
2.740000000000001990e+00 1.615436356239071392e-01
2.750000000000001776e+00 1.596767932278023716e-01
2.760000000000002007e+00 1.577879167114224490e-01
2.770000000000002238e+00 1.558390484941479526e-01
2.780000000000002025e+00 1.538238423363870178e-01
2.790000000000001812e+00 1.517937354210443790e-01
2.800000000000002043e+00 1.498065837881404350e-01
2.810000000000002274e+00 1.478612470235434184e-01
2.820000000000002061e+00 1.459152934762520948e-01
2.830000000000001847e+00 1.439489317517878564e-01
2.840000000000002078e+00 1.419652315141851917e-01
2.850000000000002309e+00 1.399403294951386822e-01
2.860000000000002096e+00 1.378237417817257393e-01
2.870000000000001883e+00 1.355980249943241900e-01
2.880000000000002114e+00 1.333151512974652675e-01
2.890000000000002345e+00 1.310609206701844887e-01
2.900000000000002132e+00 1.288858582649715923e-01
2.910000000000001918e+00 1.267715178939838594e-01
2.920000000000002149e+00 1.246593072197298563e-01
2.930000000000002380e+00 1.224984253057588707e-01
2.940000000000002167e+00 1.202742016251525242e-01
2.950000000000001954e+00 1.180171812702943135e-01
2.960000000000002185e+00 1.157797498979361989e-01
2.970000000000002416e+00 1.135853770305827598e-01
2.980000000000002203e+00 1.114129331101638420e-01
2.990000000000001990e+00 1.092391260837089900e-01
3.000000000000002220e+00 1.070745356634540402e-01
3.010000000000002451e+00 1.049486218872801857e-01
3.020000000000002238e+00 1.028745800966780061e-01
3.030000000000002025e+00 1.008342064640514457e-01
3.040000000000002256e+00 9.879906803529597825e-02
3.050000000000002487e+00 9.675555911262559428e-02
3.060000000000002274e+00 9.471572929055431522e-02
3.070000000000002061e+00 9.270351017292795259e-02
3.080000000000002292e+00 9.072239741888234177e-02
3.090000000000002522e+00 8.874329517895682140e-02
3.100000000000002309e+00 8.673733481036940973e-02
3.110000000000002096e+00 8.471633363545313933e-02
3.120000000000002327e+00 8.272921525552227873e-02
3.130000000000002558e+00 8.082251459730807608e-02
3.140000000000002345e+00 7.900901322167548646e-02
3.150000000000002132e+00 7.726842417445364819e-02
3.160000000000002363e+00 7.556741767289638922e-02
3.170000000000002593e+00 7.387552920109594079e-02
3.180000000000002380e+00 7.217124797641502609e-02
3.190000000000002167e+00 7.044401447961448626e-02
3.200000000000002398e+00 6.869632829433031107e-02
3.210000000000002629e+00 6.694692128087671723e-02
3.220000000000002416e+00 6.522667549195451664e-02
3.230000000000002203e+00 6.356076068890476050e-02
3.240000000000002434e+00 6.195262705417079602e-02
3.250000000000002665e+00 6.039269909911435669e-02
3.260000000000002451e+00 5.888177545527911033e-02
3.270000000000002238e+00 5.743397700230298136e-02
3.280000000000002469e+00 5.605454145171205604e-02
3.290000000000002700e+00 5.472767027942861129e-02
3.300000000000002487e+00 5.342965991094652395e-02
3.310000000000002274e+00 5.214358926372798103e-02
3.320000000000002505e+00 5.086030251135443409e-02
3.330000000000002736e+00 4.957620761378753876e-02
3.340000000000002522e+00 4.829580970210844981e-02
3.350000000000002309e+00 4.703209220017397912e-02
3.360000000000002540e+00 4.580106004746750670e-02
3.370000000000002771e+00 4.461525399926566382e-02
3.380000000000002558e+00 4.348153586953634048e-02
3.390000000000002345e+00 4.240239484819345595e-02
3.400000000000002576e+00 4.137626678327941537e-02
3.410000000000002807e+00 4.039492315679453494e-02
3.420000000000002593e+00 3.944190853879465941e-02
3.430000000000002380e+00 3.849787795280346092e-02
3.440000000000002611e+00 3.755015960559431737e-02
3.450000000000002842e+00 3.659763749111525494e-02
3.460000000000002629e+00 3.564802653906376517e-02
3.470000000000002416e+00 3.471113340121946556e-02
3.480000000000002647e+00 3.379347645777203146e-02
3.490000000000002878e+00 3.289879421584993718e-02
3.500000000000002665e+00 3.203251564625859277e-02
3.510000000000002451e+00 3.120272967863571209e-02
3.520000000000002682e+00 3.041466323878725883e-02
3.530000000000002913e+00 2.966612163693737800e-02
3.540000000000002700e+00 2.894973239371568391e-02
3.550000000000002487e+00 2.825802142416303578e-02
3.560000000000002718e+00 2.758584176564889481e-02
3.570000000000002949e+00 2.693103473593274136e-02
3.580000000000002736e+00 2.629450191879413937e-02
3.590000000000002522e+00 2.567835562759759188e-02
3.600000000000002753e+00 2.508349459729095066e-02
3.610000000000002984e+00 2.450921559261137403e-02
3.620000000000002771e+00 2.395342480959547840e-02
3.630000000000002558e+00 2.341148233390729499e-02
3.640000000000002789e+00 2.287580997296748131e-02
3.650000000000003020e+00 2.233963711363446542e-02
3.660000000000002807e+00 2.180339237665322727e-02
3.670000000000002593e+00 2.127669067921158022e-02
3.680000000000002824e+00 2.077215986517370536e-02
3.690000000000003055e+00 2.029732362818119015e-02
3.700000000000002842e+00 1.985171315954508894e-02
3.710000000000002629e+00 1.942914882918753833e-02
3.720000000000002860e+00 1.902149232969576123e-02
3.730000000000003091e+00 1.862310068412144012e-02
3.740000000000002878e+00 1.823420813859326362e-02
3.750000000000002665e+00 1.785977765011203741e-02
3.760000000000002895e+00 1.750418303756571398e-02
3.770000000000003126e+00 1.716653982809054554e-02
3.780000000000002913e+00 1.684059863883035149e-02
3.790000000000002700e+00 1.651884351944332696e-02
3.800000000000002931e+00 1.619721176833007620e-02
3.810000000000003162e+00 1.587658795629236577e-02
3.820000000000002949e+00 1.556059198803945096e-02
3.830000000000002736e+00 1.525257275689027338e-02
3.840000000000002967e+00 1.495436914880676239e-02
3.850000000000003197e+00 1.466680214584263099e-02
3.860000000000002984e+00 1.439049575249873487e-02
3.870000000000002771e+00 1.412607560768965563e-02
3.880000000000003002e+00 1.387359096048005301e-02
3.890000000000003233e+00 1.363180075413897123e-02
3.900000000000003020e+00 1.339836407837702130e-02
3.910000000000002807e+00 1.317101505963428655e-02
3.920000000000003038e+00 1.294843476850854845e-02
3.930000000000003268e+00 1.272991334681323160e-02
3.940000000000003055e+00 1.251440131570050879e-02
3.950000000000002842e+00 1.230064591726323306e-02
3.960000000000003073e+00 1.208862741286123935e-02
3.970000000000003304e+00 1.188051855571461632e-02
3.980000000000003091e+00 1.167967522793129237e-02
3.990000000000002878e+00 1.148823741588750336e-02
4.000000000000003553e+00 1.130575602089694404e-02
4.010000000000003340e+00 1.112996153246458182e-02
4.020000000000003126e+00 1.095842186798682595e-02
4.030000000000002913e+00 1.078957735766691503e-02
4.040000000000002700e+00 1.062316275807319646e-02
4.050000000000003375e+00 1.045996402484944063e-02
4.060000000000003162e+00 1.030123732396353436e-02
4.070000000000002949e+00 1.014793585344848752e-02
4.080000000000003624e+00 1.000040712821819930e-02
4.090000000000003411e+00 9.858706917328284580e-03
4.100000000000003197e+00 9.722943790302890354e-03
4.110000000000002984e+00 9.593206836719965838e-03
4.120000000000002771e+00 9.468992820263335414e-03
4.130000000000003446e+00 9.348781380421248774e-03
4.140000000000003233e+00 9.230440427487459840e-03
4.150000000000003020e+00 9.112482586281282076e-03
4.160000000000003695e+00 8.994977570034071515e-03
4.170000000000003482e+00 8.878979497609672603e-03
4.180000000000003268e+00 8.764998948031812315e-03
4.190000000000003055e+00 8.652081719425755782e-03
4.200000000000002842e+00 8.538367575541635016e-03
4.210000000000003517e+00 8.422521988118830336e-03
4.220000000000003304e+00 8.304697010370424778e-03
4.230000000000003091e+00 8.186466138287129893e-03
4.240000000000003766e+00 8.070058115457396861e-03
4.250000000000003553e+00 7.957554171535541343e-03
4.260000000000003340e+00 7.850473829996484909e-03
4.270000000000003126e+00 7.749522924168926290e-03
4.280000000000002913e+00 7.654261673182517420e-03
4.290000000000003588e+00 7.563188695587072519e-03
4.300000000000003375e+00 7.474444013623906917e-03
4.310000000000003162e+00 7.386749572232754850e-03
4.320000000000003837e+00 7.299843993586847650e-03
4.330000000000003624e+00 7.214165601184688650e-03
4.340000000000003411e+00 7.130207014768132415e-03
4.350000000000003197e+00 7.048042290731260269e-03
4.360000000000002984e+00 6.967241074962050341e-03
4.370000000000003659e+00 6.887042394534794928e-03
4.380000000000003446e+00 6.806662927036300804e-03
4.390000000000003233e+00 6.725580015723190211e-03
4.400000000000003908e+00 6.643696446401142763e-03
4.410000000000003695e+00 6.561446548710980591e-03
4.420000000000003482e+00 6.479642440310270750e-03
4.430000000000003268e+00 6.399309152773506246e-03
4.440000000000003055e+00 6.321421540881849536e-03
4.450000000000003730e+00 6.246637049596194535e-03
4.460000000000003517e+00 6.174996849186827064e-03
4.470000000000003304e+00 6.105769659408734687e-03
4.480000000000003979e+00 6.037679105725253861e-03
4.490000000000003766e+00 5.969487082811164927e-03
4.500000000000003553e+00 5.900553753859016232e-03
4.510000000000003340e+00 5.831033623907159666e-03
4.520000000000003126e+00 5.761747613735558257e-03
4.530000000000003801e+00 5.693823284234741412e-03
4.540000000000003588e+00 5.628240079966470577e-03
4.550000000000003375e+00 5.565460902310657987e-03
4.560000000000004050e+00 5.505248505398383646e-03
4.570000000000003837e+00 5.446931535346664910e-03
4.580000000000003624e+00 5.389860995598391713e-03
4.590000000000003411e+00 5.333826863946528746e-03
4.600000000000003197e+00 5.279109171266219667e-03
4.610000000000003872e+00 5.226277203536324606e-03
4.620000000000003659e+00 5.175891516710086349e-03
4.630000000000003446e+00 5.128342386913266326e-03
4.640000000000004121e+00 5.083730456384098761e-03
4.650000000000003908e+00 5.041750453937864085e-03
4.660000000000003695e+00 5.001681178515902590e-03
4.670000000000003482e+00 4.962489765114802727e-03
4.680000000000003268e+00 4.923160327319117333e-03
4.690000000000003944e+00 4.883080684039710871e-03
4.700000000000003730e+00 4.842243572031376675e-03
4.710000000000003517e+00 4.801131367372325418e-03
4.720000000000004192e+00 4.760311969388766884e-03
4.730000000000003979e+00 4.720028908386657805e-03
4.740000000000003766e+00 4.680119356624404432e-03
4.750000000000003553e+00 4.640229680212352645e-03
4.760000000000003340e+00 4.600187247221209155e-03
4.770000000000004015e+00 4.560189508182629740e-03
4.780000000000003801e+00 4.520778830574450832e-03
4.790000000000003588e+00 4.482653925442168716e-03
4.800000000000004263e+00 4.446603676380714819e-03
4.810000000000004050e+00 4.413418837948400453e-03
4.820000000000003837e+00 4.383789454244026856e-03
4.830000000000003624e+00 4.358035347799302933e-03
4.840000000000003411e+00 4.335795595604316661e-03
4.850000000000004086e+00 4.315950561875986531e-03
4.860000000000003872e+00 4.296874337558084789e-03
4.870000000000003659e+00 4.276960497960535443e-03
4.880000000000004334e+00 4.255156993987839475e-03
4.890000000000004121e+00 4.231179633511857399e-03
4.900000000000003908e+00 4.205410013954125753e-03
4.910000000000003695e+00 4.178483614774061716e-03
4.920000000000003482e+00 4.150973755809582964e-03
4.930000000000004157e+00 4.123192991984038665e-03
4.940000000000003944e+00 4.095227886675780436e-03
4.950000000000003730e+00 4.067052868255387546e-03
4.960000000000004405e+00 4.038557188694606725e-03
4.970000000000004192e+00 4.009612684445038044e-03
4.980000000000003979e+00 3.980095046405692123e-03
4.990000000000003766e+00 3.949959197866710278e-03
