5.000000000000000000e-01 3.336069768262356350e-01 9.113591506632523487e-01 -1.582097446446683578e-05
5.100000000000000089e-01 3.320604234256502307e-01 9.283995166423848477e-01 -3.400332740439024001e-06
5.200000000000000178e-01 3.303034449194729993e-01 9.394144279069688297e-01 -1.514269801054524280e-05
5.300000000000000266e-01 3.286470896512749262e-01 9.317474630133731894e-01 8.993459537200738788e-06
5.400000000000000355e-01 3.283844855147017849e-01 8.981468457526677884e-01 9.101985762134788430e-05
5.500000000000000444e-01 3.306775455005088182e-01 8.714840421736366194e-01 -2.156412897844326739e-04
5.600000000000000533e-01 3.366660736223695549e-01 8.575291536566121975e-01 -1.275845282290731433e-04
5.700000000000000622e-01 3.478590230151680229e-01 8.351841756266903394e-01 1.283152684852488165e-03
5.800000000000000711e-01 3.686803871573192115e-01 8.314135702591769483e-01 -1.671997192159421124e-03
5.900000000000000799e-01 4.024746263840133231e-01 8.600434970646445576e-01 -3.916831430435281994e-03
6.000000000000000888e-01 4.440049513579473195e-01 8.858338031979947624e-01 2.042646215965477491e-02
6.100000000000000977e-01 4.982552562612054814e-01 9.228649982667539442e-01 7.282695111464616844e-02
6.200000000000001066e-01 5.714292586089072534e-01 9.983941987856457256e-01 1.422448260856829516e-01
6.300000000000001155e-01 6.522627186321948711e-01 1.075749112969115684e+00 2.301752966939221712e-01
6.400000000000001243e-01 7.408441706827668671e-01 1.147101900919309969e+00 3.349048079764704866e-01
6.500000000000001332e-01 8.466840393819504706e-01 1.243335701902652524e+00 4.492908552598312566e-01
6.600000000000001421e-01 9.660087796883387590e-01 1.362051869208056099e+00 5.702399310854201486e-01
6.700000000000001510e-01 1.091665819065227083e+00 1.489132458150742577e+00 6.947647950221270685e-01
6.800000000000001599e-01 1.216397771765765468e+00 1.613286812911717494e+00 8.175678505517954830e-01
6.900000000000001688e-01 1.333922762754492508e+00 1.729921495139684184e+00 9.381369603904791132e-01
7.000000000000001776e-01 1.447118770576484748e+00 1.839705161966281199e+00 1.056137289029501547e+00
7.100000000000001865e-01 1.554271811215928611e+00 1.946513236072318964e+00 1.161258294525519652e+00
7.200000000000001954e-01 1.645833757569791000e+00 2.041672349859498858e+00 1.249853111909270842e+00
7.300000000000002043e-01 1.716794361269949665e+00 2.107093647112534551e+00 1.326489433242566074e+00
7.400000000000002132e-01 1.771752580484557971e+00 2.157191129149735431e+00 1.386440683838959798e+00
7.500000000000002220e-01 1.816676069511439673e+00 2.205617881102929445e+00 1.428111397447249242e+00
7.600000000000002309e-01 1.852026639092692939e+00 2.240759629372723438e+00 1.462374145274099924e+00
7.700000000000002398e-01 1.874667644330660909e+00 2.258204076234679558e+00 1.491139119900456000e+00
7.800000000000002487e-01 1.885305994435053201e+00 2.261378191652683611e+00 1.509428228385349291e+00
7.900000000000002576e-01 1.884695497345943771e+00 2.256987738075050043e+00 1.513033475251860827e+00
8.000000000000002665e-01 1.875387271558337732e+00 2.246242357317272287e+00 1.504908518691393304e+00
8.100000000000002753e-01 1.860377668840759835e+00 2.224550524291709852e+00 1.494708314933566706e+00
8.200000000000002842e-01 1.839266430027754806e+00 2.196205570613845914e+00 1.483164399841082171e+00
8.300000000000002931e-01 1.818573167158556547e+00 2.168699024652715135e+00 1.469504726603312328e+00
8.400000000000003020e-01 1.802652297096592582e+00 2.147577813839836480e+00 1.457030254311578510e+00
8.500000000000003109e-01 1.784907076027359762e+00 2.126478460067825260e+00 1.443345615679415328e+00
8.600000000000003197e-01 1.760491611723371985e+00 2.096211045317484700e+00 1.423797534439483314e+00
8.700000000000003286e-01 1.733064626424097421e+00 2.067141738931308925e+00 1.401424854855088942e+00
8.800000000000003375e-01 1.710887888960594516e+00 2.043931735059491217e+00 1.379206698971627620e+00
8.900000000000003464e-01 1.691093230624127974e+00 2.019884892790823727e+00 1.358367858164312159e+00
9.000000000000003553e-01 1.668778561801382176e+00 1.995022791103806092e+00 1.343309451323792425e+00
9.100000000000003642e-01 1.653335230197664929e+00 1.970861878963358960e+00 1.336478085675302019e+00
9.200000000000003730e-01 1.639905560336258006e+00 1.945908271434751757e+00 1.333603902865183155e+00
9.300000000000003819e-01 1.629323414716080665e+00 1.924288739624233191e+00 1.334293233634873399e+00
9.400000000000003908e-01 1.625640114020437954e+00 1.911193398821693146e+00 1.339448267228051659e+00
9.500000000000003997e-01 1.620296911146370755e+00 1.899253323731476817e+00 1.341851881515346179e+00
9.600000000000004086e-01 1.616756508726814312e+00 1.890793687643685272e+00 1.342787999731269943e+00
9.700000000000004174e-01 1.626702468704847471e+00 1.900045104016544917e+00 1.354200407495211644e+00
9.800000000000004263e-01 1.640981156586960532e+00 1.911516784095042443e+00 1.369851110485425405e+00
9.900000000000004352e-01 1.645199179919407895e+00 1.908265714588282425e+00 1.380720241848824026e+00
1.000000000000000444e+00 1.643802485962362336e+00 1.899640883201229258e+00 1.389771173956697803e+00
1.010000000000000453e+00 1.646166268866755544e+00 1.894892799980164355e+00 1.397448208095236399e+00
1.020000000000000462e+00 1.649030362581881404e+00 1.896312645920208428e+00 1.401955991692293457e+00
1.030000000000000471e+00 1.647671378137708365e+00 1.889760116042763061e+00 1.405148145538320126e+00
1.040000000000000480e+00 1.639226648930045771e+00 1.872345077425209947e+00 1.405755104939586442e+00
1.050000000000000488e+00 1.628272909608351249e+00 1.858968280501442694e+00 1.398557851768665428e+00
1.060000000000000497e+00 1.617696103923380591e+00 1.846408295028105995e+00 1.388830817770340342e+00
1.070000000000000506e+00 1.604401329002497434e+00 1.827250212518093386e+00 1.381409394328988016e+00
1.080000000000000515e+00 1.587161588785521271e+00 1.804859549978324651e+00 1.369289086036618919e+00
1.090000000000000524e+00 1.567848050230229218e+00 1.781513027719964670e+00 1.354154412126080675e+00
1.100000000000000533e+00 1.550007691117633923e+00 1.757457462362817413e+00 1.343115353542534418e+00
1.110000000000000542e+00 1.532448270154987080e+00 1.733227732136797927e+00 1.331222821901889120e+00
1.120000000000000551e+00 1.512857189264118274e+00 1.710379444007950500e+00 1.315006853849747470e+00
1.130000000000000560e+00 1.493937023571927591e+00 1.691230890778791407e+00 1.297386197786906559e+00
1.140000000000000568e+00 1.477338240294239213e+00 1.674025202946848756e+00 1.280633803841769058e+00
1.150000000000000577e+00 1.460386172215117906e+00 1.655969324698777889e+00 1.264985311944826885e+00
1.160000000000000586e+00 1.442153038018040734e+00 1.636623596006273162e+00 1.247178375412590468e+00
1.170000000000000595e+00 1.421087538146095230e+00 1.616525507739112522e+00 1.225605508275677602e+00
1.180000000000000604e+00 1.398752413622319501e+00 1.596343673700603816e+00 1.201523101927331139e+00
1.190000000000000613e+00 1.377910465069274393e+00 1.575066741682678018e+00 1.180726235084627040e+00
1.200000000000000622e+00 1.359714310503554957e+00 1.554351371944000526e+00 1.165111570699008503e+00
1.210000000000000631e+00 1.344660706051789667e+00 1.539284942867356953e+00 1.149985448973882995e+00
1.220000000000000639e+00 1.331546426177657061e+00 1.526098585455886170e+00 1.136975222021282761e+00
1.230000000000000648e+00 1.318121695631115697e+00 1.508654949397261191e+00 1.127550635450309313e+00
1.240000000000000657e+00 1.300615276405135745e+00 1.486624779027487575e+00 1.114541667382530576e+00
1.250000000000000666e+00 1.280688306750249250e+00 1.463430889900794618e+00 1.097928082473954348e+00
1.260000000000000675e+00 1.264047817015893971e+00 1.444068363143845790e+00 1.083912186375193931e+00
1.270000000000000684e+00 1.251126066239681922e+00 1.429306475823142630e+00 1.073179780339968525e+00
1.280000000000000693e+00 1.241087089708222235e+00 1.418238596754270331e+00 1.064156666681066898e+00
1.290000000000000702e+00 1.232090548219086923e+00 1.408869734295898679e+00 1.054792106212253167e+00
1.300000000000000711e+00 1.220802975967841597e+00 1.395161405936986565e+00 1.046551966921581256e+00
1.310000000000000719e+00 1.207603730575355083e+00 1.375485712267878080e+00 1.039863855497998646e+00
1.320000000000000728e+00 1.196253048852199186e+00 1.364465240344644892e+00 1.028036348685438250e+00
1.330000000000000737e+00 1.187933664681354751e+00 1.361297636714553949e+00 1.014575953395921770e+00
1.340000000000000746e+00 1.180972340388375619e+00 1.352285148756823929e+00 1.009760938546780951e+00
1.350000000000000755e+00 1.173851354445729633e+00 1.340898550832497094e+00 1.006638927675104433e+00
1.360000000000000764e+00 1.165393725502394950e+00 1.330849033432689676e+00 9.997626800935148772e-01
1.370000000000000773e+00 1.156072583533336751e+00 1.318486169980052081e+00 9.940284491393717170e-01
1.380000000000000782e+00 1.148904436714350163e+00 1.306507525755347565e+00 9.912173522501570577e-01
1.390000000000000790e+00 1.144265189357521306e+00 1.298348268631801972e+00 9.900991950826881771e-01
1.400000000000000799e+00 1.138247697986190188e+00 1.289031147520186549e+00 9.873283526689370371e-01
1.410000000000000808e+00 1.128899470650029935e+00 1.276400634226967590e+00 9.813502404134352153e-01
1.420000000000000817e+00 1.117460527465329312e+00 1.262430589965167549e+00 9.728459678749719064e-01
1.430000000000000826e+00 1.106565092740422696e+00 1.249470187457489612e+00 9.634941029415685643e-01
1.440000000000000835e+00 1.095149214845015484e+00 1.236524499262921406e+00 9.536869180778162480e-01
1.450000000000000844e+00 1.079803338479184305e+00 1.218035312931576630e+00 9.415077762325220201e-01
1.460000000000000853e+00 1.062810208314635574e+00 1.198087462667768666e+00 9.275425164193786820e-01
1.470000000000000862e+00 1.047935467173523705e+00 1.182807044352563342e+00 9.133056760767931381e-01
1.480000000000000870e+00 1.033177552556103107e+00 1.167622316596933496e+00 8.984783490194728772e-01
1.490000000000000879e+00 1.016184630906866948e+00 1.149857223720784694e+00 8.824558111255218495e-01
1.500000000000000888e+00 9.976078134654848828e-01 1.130510247973990134e+00 8.649035372602129623e-01
1.510000000000000897e+00 9.783787022896089924e-01 1.109976209660152646e+00 8.466785691655460688e-01
1.520000000000000906e+00 9.586666008187433308e-01 1.088705715950832653e+00 8.285235038031451005e-01
1.530000000000000915e+00 9.388557414145325408e-01 1.067631908741832225e+00 8.102698080958320448e-01
1.540000000000000924e+00 9.192584676476308614e-01 1.047207700493445248e+00 7.912930229948508254e-01
1.550000000000000933e+00 8.991114845244964071e-01 1.026821447897585449e+00 7.713617636376698394e-01
1.560000000000000941e+00 8.779322566564237151e-01 1.003754034315979871e+00 7.520343979868076012e-01
1.570000000000000950e+00 8.561685035374101416e-01 9.789207693219930118e-01 7.333793937564103693e-01
1.580000000000000959e+00 8.353362368805020699e-01 9.566253187631047483e-01 7.142294231406099980e-01
1.590000000000000968e+00 8.169911746420650545e-01 9.368756655485028784e-01 6.970343050621612413e-01
1.600000000000000977e+00 8.004035650753880127e-01 9.182856470821334494e-01 6.824734531789736769e-01
1.610000000000000986e+00 7.831031386144864381e-01 8.999444327282667411e-01 6.662469645536560625e-01
1.620000000000000995e+00 7.658575565576954958e-01 8.827056985018680857e-01 6.489951834173293133e-01
1.630000000000001004e+00 7.506199575166163651e-01 8.676116455976191633e-01 6.336677350326015423e-01
1.640000000000001013e+00 7.363608579624617567e-01 8.529733841353512869e-01 6.197227741375112009e-01
1.650000000000001021e+00 7.229319079115299473e-01 8.389931345574671573e-01 6.068587628008350610e-01
1.660000000000001030e+00 7.117042959963250093e-01 8.276854741933512560e-01 5.957419261780900754e-01
1.670000000000001039e+00 7.015430632751982198e-01 8.163378875331931406e-01 5.867638199740924376e-01
1.680000000000001048e+00 6.915197128272295712e-01 8.034310989766481059e-01 5.796259104885418401e-01
1.690000000000001057e+00 6.828547354608898168e-01 7.926469287264723551e-01 5.730154076819039544e-01
1.700000000000001066e+00 6.751419110614675922e-01 7.842235172248920305e-01 5.660804611235855655e-01
1.710000000000001075e+00 6.674016983764577970e-01 7.762102264143506680e-01 5.586944245762658356e-01
1.720000000000001084e+00 6.600657843290499427e-01 7.681113041275301478e-01 5.518896533064322485e-01
1.730000000000001092e+00 6.532862589489867311e-01 7.600628079076966470e-01 5.464559826352115568e-01
1.740000000000001101e+00 6.474739378994172068e-01 7.526658542445273659e-01 5.424895457594774983e-01
1.750000000000001110e+00 6.432062266213052215e-01 7.471888700006708017e-01 5.391345884836523661e-01
1.760000000000001119e+00 6.400277230796738159e-01 7.438894204130575005e-01 5.360710192244974026e-01
1.770000000000001128e+00 6.376196041449656571e-01 7.407883039036046169e-01 5.345352515069826671e-01
1.780000000000001137e+00 6.360360089618173340e-01 7.383089848343584727e-01 5.337624161201890427e-01
1.790000000000001146e+00 6.349230812148367598e-01 7.373698625841859089e-01 5.325036953219806080e-01
1.800000000000001155e+00 6.336876010123168035e-01 7.343918610235893318e-01 5.329246364164333949e-01
1.810000000000001164e+00 6.317607947679261260e-01 7.286215428870048694e-01 5.348731940868218793e-01
1.820000000000001172e+00 6.292991382847896720e-01 7.234198175140221787e-01 5.352507043343496251e-01
1.830000000000001181e+00 6.275396794871995754e-01 7.199507170092789288e-01 5.350955329772874025e-01
1.840000000000001190e+00 6.268854330324362678e-01 7.177513328358109401e-01 5.359958461568901100e-01
1.850000000000001199e+00 6.261722054598121145e-01 7.152122931644823156e-01 5.371469525277409174e-01
1.860000000000001208e+00 6.253148431478225966e-01 7.126381687090536099e-01 5.379855400269997201e-01
1.870000000000001217e+00 6.248060470611832562e-01 7.112505794702181916e-01 5.383848828552689758e-01
1.880000000000001226e+00 6.243703844344135057e-01 7.102766153029091978e-01 5.384282040946539727e-01
1.890000000000001235e+00 6.232922309659120197e-01 7.085099800917390445e-01 5.380563033377386839e-01
1.900000000000001243e+00 6.210929574168067013e-01 7.051563678486825193e-01 5.370576236801418712e-01
1.910000000000001252e+00 6.188681172366771177e-01 7.019849220215198526e-01 5.357503823397915532e-01
1.920000000000001261e+00 6.173687246722318056e-01 7.002937453055509964e-01 5.344765328683519501e-01
1.930000000000001270e+00 6.156632846492691158e-01 6.981834304681245884e-01 5.330909026093719749e-01
1.940000000000001279e+00 6.126623399970223538e-01 6.946567221973986017e-01 5.306706931455947851e-01
1.950000000000001288e+00 6.080366798386337424e-01 6.895348308222954969e-01 5.264882428315349472e-01
1.960000000000001297e+00 6.022989029472028966e-01 6.821069636639651712e-01 5.225603853071335569e-01
1.970000000000001306e+00 5.966047066671089638e-01 6.737234992460685579e-01 5.195209314842517134e-01
1.980000000000001315e+00 5.917888502225898684e-01 6.678175611766533626e-01 5.156958556186060916e-01
1.990000000000001323e+00 5.871117482513414920e-01 6.627734480129056083e-01 5.114779732034365756e-01
2.000000000000001332e+00 5.818853807358964625e-01 6.563555202473528860e-01 5.074511530453309494e-01
2.010000000000001563e+00 5.762411714812084584e-01 6.499392209460459480e-01 5.024995254824522473e-01
2.020000000000001350e+00 5.698536237820797101e-01 6.435054094299821337e-01 4.962046298573104530e-01
2.030000000000001137e+00 5.624172921723930019e-01 6.358514394624402710e-01 4.889876454175131615e-01
2.040000000000001368e+00 5.543002891967198087e-01 6.268730654271462699e-01 4.817433334825261260e-01
2.050000000000001599e+00 5.456096950350332042e-01 6.167837315085382688e-01 4.744508431599285814e-01
2.060000000000001386e+00 5.359132086163270747e-01 6.058583495316378631e-01 4.659233033080251163e-01
2.070000000000001172e+00 5.254984095789687615e-01 5.945362016763867663e-01 4.564616846947390227e-01
2.080000000000001403e+00 5.149781867365975652e-01 5.831427018060250100e-01 4.468154346159404766e-01
2.090000000000001634e+00 5.043176713046326753e-01 5.715732616976525460e-01 4.370852524903907632e-01
2.100000000000001421e+00 4.935391600174149351e-01 5.597775206485986477e-01 4.273035929274698885e-01
2.110000000000001208e+00 4.826820653178341969e-01 5.479463878689442291e-01 4.173961769853531401e-01
2.120000000000001439e+00 4.718167185858824220e-01 5.368734822008777163e-01 4.067701801757181990e-01
2.130000000000001670e+00 4.608540463547411425e-01 5.262616253453109572e-01 3.954542044458660977e-01
2.140000000000001457e+00 4.493659333329449446e-01 5.142928666631557677e-01 3.844174391148800773e-01
2.150000000000001243e+00 4.372716125808695509e-01 5.007630420780125879e-01 3.737855202066719951e-01
2.160000000000001474e+00 4.248134213456781216e-01 4.865407596815161662e-01 3.630946997502094153e-01
2.170000000000001705e+00 4.123051964801186520e-01 4.729908487826447461e-01 3.516072324841209573e-01
2.180000000000001492e+00 4.001062354158341217e-01 4.602834362362915321e-01 3.399257947343318764e-01
2.190000000000001279e+00 3.885783476156167149e-01 4.477682571802300004e-01 3.294038592582403391e-01
2.200000000000001510e+00 3.777189475520748574e-01 4.358749628758615824e-01 3.195698163698552086e-01
2.210000000000001741e+00 3.671016695368009564e-01 4.246847312778878059e-01 3.095335521812508373e-01
2.220000000000001528e+00 3.560494256096475296e-01 4.133747694838083575e-01 2.986644037685899367e-01
2.230000000000001315e+00 3.443879730758611646e-01 4.014764315896940938e-01 2.873160849402923156e-01
2.240000000000001545e+00 3.326948307097981061e-01 3.892141617422995026e-01 2.762079066996367405e-01
2.250000000000001776e+00 3.218319780421532439e-01 3.779252158134472350e-01 2.657275991912094737e-01
2.260000000000001563e+00 3.115836206566336974e-01 3.672763938481870549e-01 2.559015891042686897e-01
2.270000000000001350e+00 3.012042692680303446e-01 3.559051519478681480e-01 2.465163088660126955e-01
2.280000000000001581e+00 2.913441504869466181e-01 3.451708595368302990e-01 2.374992165472976646e-01
2.290000000000001812e+00 2.823463270433133054e-01 3.360005627358463864e-01 2.286892093968807549e-01
2.300000000000001599e+00 2.736653728260509122e-01 3.275043756499638747e-01 2.198019789036517457e-01
2.310000000000001386e+00 2.652052193126207547e-01 3.192016958353780520e-01 2.112262059985483276e-01
2.320000000000001616e+00 2.572543399117531715e-01 3.109845878683211717e-01 2.035704873567411588e-01
2.330000000000001847e+00 2.500197625741503726e-01 3.029675618414032767e-01 1.970341033231371441e-01
2.340000000000001634e+00 2.434227572131332229e-01 2.956844788636878718e-01 1.911518815730006426e-01
2.350000000000001421e+00 2.373910037017402941e-01 2.895936285586697134e-01 1.851739309676486145e-01
2.360000000000001652e+00 2.313432354717958883e-01 2.830934151868792492e-01 1.796177564975175167e-01
2.370000000000001883e+00 2.252617935653553893e-01 2.757874933313505528e-01 1.747546958259018346e-01
2.380000000000001670e+00 2.199205851047508764e-01 2.698863203750411777e-01 1.699183266563412120e-01
2.390000000000001457e+00 2.150393433547417577e-01 2.650581573994861273e-01 1.650409392958221699e-01
2.400000000000001688e+00 2.102716182512207876e-01 2.600399249213072306e-01 1.605360010220253375e-01
2.410000000000001918e+00 2.061553215157075902e-01 2.552198283373979248e-01 1.570650851549135474e-01
2.420000000000001705e+00 2.025663267010969493e-01 2.506885486775710103e-01 1.544462103625808269e-01
2.430000000000001492e+00 1.989856697089525950e-01 2.462052247465295052e-01 1.517876769922623381e-01
2.440000000000001723e+00 1.957927001952018686e-01 2.426779271088621848e-01 1.488889023966499803e-01
2.450000000000001954e+00 1.931683686072713513e-01 2.403370253995797956e-01 1.459896368441778725e-01
2.460000000000001741e+00 1.907144317715698534e-01 2.378132055608670747e-01 1.436202530229578056e-01
2.470000000000001528e+00 1.883772246104283565e-01 2.349245375309374217e-01 1.418335909139372686e-01
2.480000000000001759e+00 1.863311806132538218e-01 2.322162024183355711e-01 1.404553920443086523e-01
2.490000000000001990e+00 1.847927859740226830e-01 2.300860543164168492e-01 1.394960896485444302e-01
2.500000000000001776e+00 1.837321306848774816e-01 2.285475266570368147e-01 1.389166028422159083e-01
2.510000000000001563e+00 1.829373621345815604e-01 2.273070439186480884e-01 1.385612907828760731e-01
2.520000000000001794e+00 1.822065740673760870e-01 2.263181408488864066e-01 1.380963400319752676e-01
2.530000000000002025e+00 1.813846873683684913e-01 2.253692763043509961e-01 1.373998051759527106e-01
2.540000000000001812e+00 1.803443919775024051e-01 2.239021617349690185e-01 1.367842189686311882e-01
2.550000000000001599e+00 1.792691665024527259e-01 2.222516053997116436e-01 1.362857814046417315e-01
2.560000000000001830e+00 1.784354458774264907e-01 2.210986752416022605e-01 1.357832308565170842e-01
2.570000000000002061e+00 1.778731773627844348e-01 2.204593510846775961e-01 1.352735371811693565e-01
2.580000000000001847e+00 1.774804826746277930e-01 2.199107011381985777e-01 1.350473480984764607e-01
2.590000000000001634e+00 1.772112869831253545e-01 2.189389142454297166e-01 1.354917451380618365e-01
2.600000000000001865e+00 1.771442904690034015e-01 2.183313421657142872e-01 1.359577206270334848e-01
2.610000000000002096e+00 1.772800670059477557e-01 2.185142876634779963e-01 1.360482193396400918e-01
2.620000000000001883e+00 1.774632022497908967e-01 2.185214831482319431e-01 1.364033739841441217e-01
2.630000000000001670e+00 1.775580104496247424e-01 2.182113059124418109e-01 1.369034629370367295e-01
2.640000000000001901e+00 1.774682776133188200e-01 2.179176978829212574e-01 1.370169233758331273e-01
2.650000000000002132e+00 1.771002902734747642e-01 2.175379221674670627e-01 1.366547142583326158e-01
2.660000000000001918e+00 1.764388573799474391e-01 2.167558606904309848e-01 1.361191299205250782e-01
2.670000000000001705e+00 1.755977562068020692e-01 2.152874954660252971e-01 1.359335849177134292e-01
2.680000000000001936e+00 1.749246092106422346e-01 2.138333617349102156e-01 1.360033674190865849e-01
2.690000000000002167e+00 1.743931887829504590e-01 2.127883168147662318e-01 1.359924122811385916e-01
2.700000000000001954e+00 1.734890346037229192e-01 2.113895577256731384e-01 1.355790100998919834e-01
2.710000000000001741e+00 1.723511640800026723e-01 2.099282088553828529e-01 1.347669775329709274e-01
2.720000000000001972e+00 1.714142152929133411e-01 2.090844448298569136e-01 1.337538987640272126e-01
2.730000000000002203e+00 1.704635874453350464e-01 2.082498715258583599e-01 1.326730498563468974e-01
2.740000000000001990e+00 1.692626187153673523e-01 2.068850429489062503e-01 1.316395192903893063e-01
2.750000000000001776e+00 1.678104214978910214e-01 2.048757753106068280e-01 1.307524671142316353e-01
2.760000000000002007e+00 1.662036749477289466e-01 2.023646447464623743e-01 1.300370066652046797e-01
2.770000000000002238e+00 1.645295401090294818e-01 1.997654607177643260e-01 1.292885822853563904e-01
2.780000000000002025e+00 1.628672431333134663e-01 1.977574853640374497e-01 1.279779508694688650e-01
2.790000000000001812e+00 1.611811877171769880e-01 1.959719155751139530e-01 1.263954829591323881e-01
2.800000000000002043e+00 1.594243716034993152e-01 1.936956144323395412e-01 1.251651322328171667e-01
2.810000000000002274e+00 1.578081321361516909e-01 1.915839378285741634e-01 1.240220062468842532e-01
2.820000000000002061e+00 1.562690163027316281e-01 1.898236143737537795e-01 1.227131957682253277e-01
2.830000000000001847e+00 1.545267006680427213e-01 1.878122655486274828e-01 1.212486827545006113e-01
2.840000000000002078e+00 1.527331179905264680e-01 1.857145927632986859e-01 1.197467692910014758e-01
2.850000000000002309e+00 1.509663301243650557e-01 1.837042888713543709e-01 1.182298674816738560e-01
2.860000000000002096e+00 1.489023521995932464e-01 1.813300418572596773e-01 1.164636107743729221e-01
2.870000000000001883e+00 1.464629491941101258e-01 1.785170876563736131e-01 1.144086526927134279e-01
2.880000000000002114e+00 1.438560631903906262e-01 1.755054308708618449e-01 1.122089695215490734e-01
2.890000000000002345e+00 1.412902467091274872e-01 1.725028944168888190e-01 1.100829354313397485e-01
2.900000000000002132e+00 1.389136771142409077e-01 1.697403031180002853e-01 1.080885609323481988e-01
2.910000000000001918e+00 1.367383596404185830e-01 1.673941946345599563e-01 1.060794322534878709e-01
2.920000000000002149e+00 1.344901232390506851e-01 1.649943075442413531e-01 1.039880692174221383e-01
2.930000000000002380e+00 1.319392171552543624e-01 1.621008475445729069e-01 1.017753970197056573e-01
2.940000000000002167e+00 1.291614211727925288e-01 1.589321113133553287e-01 9.938781362151623278e-02
2.950000000000001954e+00 1.263812412285994224e-01 1.558732104347327341e-01 9.688506335831666150e-02
2.960000000000002185e+00 1.237890432317381578e-01 1.531733060059087548e-01 9.441301605067285718e-02
2.970000000000002416e+00 1.212227529236081652e-01 1.503291402070500438e-01 9.211270127406061270e-02
2.980000000000002203e+00 1.185319116761501396e-01 1.471486937387009308e-01 8.991387635251239796e-02
2.990000000000001990e+00 1.157790960969146826e-01 1.440295306547632603e-01 8.752637357898282455e-02
3.000000000000002220e+00 1.130411102933437106e-01 1.410815222346446518e-01 8.500220613553298443e-02
3.010000000000002451e+00 1.103847045587941222e-01 1.382675817040116550e-01 8.250555592866599952e-02
3.020000000000002238e+00 1.078178498055337303e-01 1.355444672416005469e-01 8.009041394458497887e-02
3.030000000000002025e+00 1.052695430945310151e-01 1.328191490844904399e-01 7.772079330302103517e-02
3.040000000000002256e+00 1.026546658660835581e-01 1.299896729041268295e-01 7.531662884116523127e-02
3.050000000000002487e+00 9.996563830506227655e-02 1.270734374187894034e-01 7.285775671102093232e-02
3.060000000000002274e+00 9.727821874412627412e-02 1.241348586742804794e-01 7.042001201424771817e-02
3.070000000000002061e+00 9.470613961248239288e-02 1.212669583754183433e-01 6.815275810231596898e-02
3.080000000000002292e+00 9.228451124376570169e-02 1.186149470670362222e-01 6.595078105649762601e-02
3.090000000000002522e+00 8.991973414241265228e-02 1.161844055052573127e-01 6.365196621370898533e-02
3.100000000000002309e+00 8.743670061926635262e-02 1.136212307740495780e-01 6.124847222840834604e-02
3.110000000000002096e+00 8.483796766163193004e-02 1.108595173862720745e-01 5.881593579916115366e-02
3.120000000000002327e+00 8.228917916785612185e-02 1.081101778170321659e-01 5.647378862903923435e-02
3.130000000000002558e+00 7.994962186071261079e-02 1.055848883100011931e-01 5.431419061174510426e-02
3.140000000000002345e+00 7.777079965776691195e-02 1.031946956843572960e-01 5.234939221710766671e-02
3.150000000000002132e+00 7.550802161293207471e-02 1.005273468660853459e-01 5.048730922284099670e-02
3.160000000000002363e+00 7.325255818250615836e-02 9.790000646892302316e-02 4.860078457556123860e-02
3.170000000000002593e+00 7.113666934414566989e-02 9.565775650719811340e-02 4.661464059772818525e-02
3.180000000000002380e+00 6.897682778296695960e-02 9.334265418444452622e-02 4.461015635079512709e-02
3.190000000000002167e+00 6.674288932359220827e-02 9.084618252589410359e-02 4.263709752409829135e-02
3.200000000000002398e+00 6.454238851918651931e-02 8.838916161765289492e-02 4.069356648154339590e-02
3.210000000000002629e+00 6.232098065015996557e-02 8.588916821688059866e-02 3.875493224115589969e-02
3.220000000000002416e+00 6.001862231292779543e-02 8.320986743528759055e-02 3.682899668655386510e-02
3.230000000000002203e+00 5.764844911981761161e-02 8.032132358135644912e-02 3.497865315998932578e-02
3.240000000000002434e+00 5.547363316599158295e-02 7.767567249119088080e-02 3.326389901533591958e-02
3.250000000000002665e+00 5.366240305968612845e-02 7.562400333807879627e-02 3.169650454926641048e-02
3.260000000000002451e+00 5.192348413873416890e-02 7.367154072100740025e-02 3.017790039670397925e-02
3.270000000000002238e+00 5.020506448918207743e-02 7.175000401188977306e-02 2.865734827882626332e-02
3.280000000000002469e+00 4.865039462185201391e-02 7.014407387325481691e-02 2.715746988896855160e-02
3.290000000000002700e+00 4.712925996841723503e-02 6.848410893866817284e-02 2.577431388335999635e-02
3.300000000000002487e+00 4.552430302509136162e-02 6.651179297213535846e-02 2.453604958274043651e-02
3.310000000000002274e+00 4.388308590464972542e-02 6.442797441506362133e-02 2.333869177005244017e-02
3.320000000000002505e+00 4.223856581910419294e-02 6.238377376959516885e-02 2.209345766736419206e-02
3.330000000000002736e+00 4.062792927322321501e-02 6.047130680871309200e-02 2.078434220535541055e-02
3.340000000000002522e+00 3.914457764355417507e-02 5.874484968091885084e-02 1.954478912462009194e-02
3.350000000000002309e+00 3.776145154374754842e-02 5.714799337418136754e-02 1.837621881682978062e-02
3.360000000000002540e+00 3.635148999055837910e-02 5.553779121635488841e-02 1.716484162101140215e-02
3.370000000000002771e+00 3.487873487041881493e-02 5.381912130655384929e-02 1.593883185301148836e-02
3.380000000000002558e+00 3.339470532633166677e-02 5.199829252831380394e-02 1.479076052634051112e-02
3.390000000000002345e+00 3.201856325058017455e-02 5.021140345184533366e-02 1.382650587070673003e-02
3.400000000000002576e+00 3.077196873096775184e-02 4.855007239021096044e-02 1.299462591162623554e-02
3.410000000000002807e+00 2.963133509977359387e-02 4.707133239380784095e-02 1.219273728668188519e-02
3.420000000000002593e+00 2.861846825151736357e-02 4.581485661984308760e-02 1.142111560690063296e-02
3.430000000000002380e+00 2.765597264648593859e-02 4.465556142154197133e-02 1.065853855131168246e-02
3.440000000000002611e+00 2.662020062729326952e-02 4.337792712115091931e-02 9.861813406224186757e-03
3.450000000000002842e+00 2.558411095570835292e-02 4.209865360246773519e-02 9.068987723236226692e-03
3.460000000000002629e+00 2.460261769690841316e-02 4.092103367891254673e-02 8.284736506472614725e-03
3.470000000000002416e+00 2.359718857435399997e-02 3.976257656700841331e-02 7.432537467591587323e-03
3.480000000000002647e+00 2.265558410754350480e-02 3.869626382603998105e-02 6.610366426345510443e-03
3.490000000000002878e+00 2.184543444700949577e-02 3.774520639700276042e-02 5.943381873346170741e-03
3.500000000000002665e+00 2.092321059474394618e-02 3.651903517854321324e-02 5.327532425603772985e-03
3.510000000000002451e+00 1.992323498594114617e-02 3.518577536175321319e-02 4.656143399040769786e-03
3.520000000000002682e+00 1.912933462413787117e-02 3.435150491636193570e-02 3.908061376898361479e-03
3.530000000000002913e+00 1.843962197025861977e-02 3.356977626832362976e-02 3.310680591083645444e-03
3.540000000000002700e+00 1.772818078223111632e-02 3.251339663372244254e-02 2.942634452308944600e-03
3.550000000000002487e+00 1.707914112597571504e-02 3.164775262880941548e-02 2.511158894076838486e-03
3.560000000000002718e+00 1.652223179226780872e-02 3.104166398540707597e-02 2.001950431782201310e-03
3.570000000000002949e+00 1.601785598813428718e-02 3.047373884549258935e-02 1.560501413276950801e-03
3.580000000000002736e+00 1.547977989077230915e-02 2.972838046740090487e-02 1.232619216952695945e-03
3.590000000000002522e+00 1.493242083678465726e-02 2.889417698970409704e-02 9.692580556604730524e-04
3.600000000000002753e+00 1.448118226979798126e-02 2.829060469352849896e-02 6.638252599175953079e-04
3.610000000000002984e+00 1.403906221372776958e-02 2.776181440880635953e-02 3.283074035033492358e-04
3.620000000000002771e+00 1.353784495290215849e-02 2.712346000298187718e-02 5.210137091505898338e-05
3.630000000000002558e+00 1.306317613964505520e-02 2.645490852255133127e-02 -3.267096192635655217e-05
3.640000000000002789e+00 1.263450869168338334e-02 2.588123566477947002e-02 2.157654644256939304e-06
3.650000000000003020e+00 1.221808973913561698e-02 2.545259715128230654e-02 5.870551544015987480e-06
3.660000000000002807e+00 1.179297252580772427e-02 2.494873343076714142e-02 -2.262413433370648548e-06
3.670000000000002593e+00 1.134335521962540061e-02 2.431731364955766472e-02 -3.514809856983893532e-07
3.680000000000002824e+00 1.086626953320380187e-02 2.372553258083319808e-02 5.598926651727591445e-07
3.690000000000003055e+00 1.044471719012137097e-02 2.321191937475255984e-02 -1.203742618385755717e-07
3.700000000000002842e+00 1.013516158321047488e-02 2.277425811158398025e-02 -7.078547751058406701e-08
3.710000000000002629e+00 9.892815045353673190e-03 2.242310070888331799e-02 4.529004385335786242e-08
3.720000000000002860e+00 9.641484889340358813e-03 2.206371445422095762e-02 -2.359928484166679547e-09
3.730000000000003091e+00 9.328506204394621318e-03 2.157550944082711405e-02 -8.346395950275813859e-09
3.740000000000002878e+00 8.992142052438638344e-03 2.098977979048588863e-02 3.089221495647936312e-09
3.750000000000002665e+00 8.679901215621840110e-03 2.039667793375579685e-02 5.494581543168775793e-10
3.760000000000002895e+00 8.419005256400269310e-03 1.991229090229119578e-02 -7.849016586116143586e-10
3.770000000000003126e+00 8.258182450354228932e-03 1.962612714762928742e-02 1.592903979785935581e-10
3.780000000000002913e+00 8.164652575298169887e-03 1.946365754130779946e-02 1.028182302763004898e-10
3.790000000000002700e+00 7.971033802766739132e-03 1.908698868202196586e-02 -6.272111131048673353e-11
3.800000000000002931e+00 7.720955840382324326e-03 1.860131442060910384e-02 2.370069228879129090e-12
3.810000000000003162e+00 7.544883110822489698e-03 1.828513834672093261e-02 1.185111042575044368e-11
3.820000000000002949e+00 7.335719695208371000e-03 1.788593219430716780e-02 -4.211727221847087480e-12
3.830000000000002736e+00 7.085378720340825866e-03 1.741566534863260574e-02 -8.486710807329007182e-13
3.840000000000002967e+00 6.935803577526446738e-03 1.724570512953260346e-02 1.099290037776920597e-12
3.850000000000003197e+00 6.820451631546886780e-03 1.713660049799296814e-02 -2.098525592831028518e-13
3.860000000000002984e+00 6.663288337392598952e-03 1.685019079344463738e-02 -1.489775025397458714e-13
3.870000000000002771e+00 6.549530451819400058e-03 1.666076507581879321e-02 8.677349685192430844e-14
3.880000000000003002e+00 6.486592794987523954e-03 1.659829705054504181e-02 -1.999091486190331978e-15
3.890000000000003233e+00 6.421945577460971485e-03 1.650221789185335464e-02 -1.680657948402680709e-14
3.900000000000003020e+00 6.355330969956124280e-03 1.632693477571422677e-02 5.732813122246881351e-15
3.910000000000002807e+00 6.295687978680209254e-03 1.613372431078275229e-02 1.297895570721872865e-15
3.920000000000003038e+00 6.244281299539761014e-03 1.605018113218901685e-02 -1.538152794968166353e-15
3.930000000000003268e+00 6.195393458071531655e-03 1.599023942363428374e-02 2.750703882872127086e-16
3.940000000000003055e+00 6.134705766135866399e-03 1.584428578778250551e-02 2.153635073739258253e-16
3.950000000000002842e+00 6.042375272094186595e-03 1.565135694584331161e-02 -1.199261058453415903e-16
3.960000000000003073e+00 5.939731060611247102e-03 1.544595034412691616e-02 9.366196041073732380e-19
3.970000000000003304e+00 5.867326954758732976e-03 1.525303770463102768e-02 2.380554524841199684e-17
3.980000000000003091e+00 5.818565100834231091e-03 1.512705721975077765e-02 -7.789849880457183417e-18
3.990000000000002878e+00 5.771961538035003635e-03 1.501912368714797275e-02 -1.968459978673711498e-18
4.000000000000003553e+00 5.710684559244057039e-03 1.477674473577721484e-02 2.150203044103017656e-18
4.010000000000003340e+00 5.650952430568071533e-03 1.452590540620807280e-02 -3.584696646923947447e-19
4.020000000000003126e+00 5.616130771835084121e-03 1.442474512694427898e-02 -3.106643402239956978e-19
4.030000000000002913e+00 5.607349998601515902e-03 1.441529005833857256e-02 1.655706050900534125e-19
4.040000000000002700e+00 5.588308700650113613e-03 1.440276952509412373e-02 1.316165396135135485e-21
4.050000000000003375e+00 5.520621675706514041e-03 1.430985979192129533e-02 -3.367998904684345141e-20
4.060000000000003162e+00 5.447788378334407489e-03 1.415456489898095534e-02 1.056564266561217390e-20
4.070000000000002949e+00 5.403291255465284514e-03 1.399543160961362782e-02 2.964357368493634419e-21
4.080000000000003624e+00 5.373550906928859644e-03 1.389883786583865667e-02 -3.002991140103884201e-21
4.090000000000003411e+00 5.341907478260268100e-03 1.382569477522725514e-02 4.640139645730516298e-22
4.100000000000003197e+00 5.306216818366630422e-03 1.372131698786081128e-02 4.472369889654887335e-22
4.110000000000002984e+00 5.291173688830760370e-03 1.361035378371783754e-02 -2.283409289075970037e-22
4.120000000000002771e+00 5.283554308085421092e-03 1.351264656049946250e-02 -5.544436588148129568e-24
4.130000000000003446e+00 5.252175423555669256e-03 1.342734520402917402e-02 4.759656680923122798e-23
4.140000000000003233e+00 5.229827107548963051e-03 1.332242720799384217e-02 -1.430255094090350457e-23
4.150000000000003020e+00 5.229574174234125246e-03 1.320427095967878321e-02 -4.436783318532078556e-24
4.160000000000003695e+00 5.216010784921936566e-03 1.313094380617625158e-02 4.190097335224474131e-24
4.170000000000003482e+00 5.191713482090126210e-03 1.305255969600398191e-02 -5.958777963311276879e-25
4.180000000000003268e+00 5.165956501178020285e-03 1.290626228538413293e-02 -6.426336961168732149e-25
4.190000000000003055e+00 5.116262648102304356e-03 1.272964356411095642e-02 3.145588421528816016e-25
4.200000000000002842e+00 5.041188019254116796e-03 1.253127401760218904e-02 1.296545789434396371e-26
4.210000000000003517e+00 4.962462285418252350e-03 1.230214208477656453e-02 -6.718967839506886642e-26
4.220000000000003304e+00 4.895854163389385186e-03 1.212261068608207204e-02 1.932054605087956017e-26
4.230000000000003091e+00 4.857677229759739361e-03 1.206324097121940463e-02 6.604998101775755160e-27
4.240000000000003766e+00 4.858627689620662569e-03 1.212458885428790122e-02 -5.841033127178592351e-27
4.250000000000003553e+00 4.850167202458443086e-03 1.214632402142017120e-02 7.579638598628630829e-28
4.260000000000003340e+00 4.798496455595978663e-03 1.201715295459195899e-02 9.217548295850212761e-28
4.270000000000003126e+00 4.773374413969967180e-03 1.194401373334106481e-02 -4.328351333299523968e-28
4.280000000000002913e+00 4.773367880047377568e-03 1.194716029984830077e-02 -2.544882682311597337e-29
4.290000000000003588e+00 4.741812733442020422e-03 1.188781167169768692e-02 9.474683962085827803e-29
4.300000000000003375e+00 4.727411686519477491e-03 1.186622262658603225e-02 -2.604006650287928141e-29
4.310000000000003162e+00 4.757056268689366721e-03 1.192796937035298967e-02 -9.786212896076956702e-30
4.320000000000003837e+00 4.776053722463107290e-03 1.193977922452632394e-02 8.134855589960483408e-30
4.330000000000003624e+00 4.765075587748121566e-03 1.189684133707884055e-02 -9.529946202307686277e-31
4.340000000000003411e+00 4.739539556647363698e-03 1.184260658686763813e-02 -1.319882229567489886e-30
4.350000000000003197e+00 4.735601568495823206e-03 1.174984571662305438e-02 5.948789004944674748e-31
4.360000000000002984e+00 4.762725072596664562e-03 1.170543163937138448e-02 4.584028787074866545e-32
4.370000000000003659e+00 4.800404371313385724e-03 1.183982457405838816e-02 -1.334666746225955981e-31
4.380000000000003446e+00 4.826785978928993526e-03 1.192577029658478324e-02 3.501057797059224613e-32
4.390000000000003233e+00 4.833218651198669009e-03 1.184670572435621988e-02 1.443833346285593064e-32
4.400000000000003908e+00 4.830033517541379613e-03 1.181553180991930067e-02 -1.131886460301338183e-32
4.410000000000003695e+00 4.816958221210251162e-03 1.182811541581071414e-02 1.180913045146056978e-33
4.420000000000003482e+00 4.788691820495879874e-03 1.178645883214658741e-02 1.886948738144713180e-33
4.430000000000003268e+00 4.746631928985872023e-03 1.171563630448933108e-02 -8.165841902739712145e-34
4.440000000000003055e+00 4.704773958902536135e-03 1.164256934565765546e-02 -7.843824130922605378e-35
4.450000000000003730e+00 4.681371940205078866e-03 1.157150083129088874e-02 1.878176425124449332e-34
4.460000000000003517e+00 4.668449921371115550e-03 1.148853854773054448e-02 -4.694568860934230129e-35
4.470000000000003304e+00 4.650733337761194658e-03 1.138520309833925860e-02 -2.122099786930603683e-35
4.480000000000003979e+00 4.619800645557592920e-03 1.127257481776834311e-02 1.573424869738972864e-35
4.490000000000003766e+00 4.578125525686149722e-03 1.117532874278572876e-02 -1.436182783863829728e-36
4.500000000000003553e+00 4.533600610855277428e-03 1.110414757449668458e-02 -2.693541646331577711e-36
4.510000000000003340e+00 4.489628483174005862e-03 1.101105699312510816e-02 1.119484994909500033e-36
4.520000000000003126e+00 4.444360294599608227e-03 1.090522523171265010e-02 1.296925847699213401e-37
4.530000000000003801e+00 4.395694317109948880e-03 1.084918681384646096e-02 -2.640363609173138141e-37
4.540000000000003588e+00 4.360772652492983861e-03 1.082471246083212789e-02 6.276541869673238152e-38
4.550000000000003375e+00 4.344081455988971913e-03 1.078444861299261530e-02 3.108260909157976610e-38
4.560000000000004050e+00 4.320145555870157257e-03 1.068934342981185670e-02 -2.185121626129436390e-38
4.570000000000003837e+00 4.290240932877293495e-03 1.060032695962705683e-02 1.703360102947923402e-39
4.580000000000003624e+00 4.262978440379476541e-03 1.057506899980193739e-02 3.839335883151646781e-39
4.590000000000003411e+00 4.214489730719992409e-03 1.048202601463486122e-02 -1.532697539320121139e-39
4.600000000000003197e+00 4.162142125787231077e-03 1.035323581289343195e-02 -2.092262521534527235e-40
4.610000000000003872e+00 4.151368788425401253e-03 1.036814101435244023e-02 3.708191915654514196e-40
4.620000000000003659e+00 4.122144940967438845e-03 1.035248319556343957e-02 -8.364562822604196084e-41
4.630000000000003446e+00 4.046013478839424055e-03 1.020283327953767742e-02 -4.538425790436130640e-41
4.640000000000004121e+00 4.013672260214646084e-03 1.015379777448499263e-02 3.031705512176089559e-41
4.650000000000003908e+00 4.024283659720661807e-03 1.018793765144866345e-02 -1.949982923566537211e-42
4.660000000000003695e+00 4.023591604954212565e-03 1.015542947899755744e-02 -5.464928796806335202e-42
4.670000000000003482e+00 4.010842557970516718e-03 1.007122942490796570e-02 2.095504320450119133e-42
4.680000000000003268e+00 3.996498915619218703e-03 9.994418405399767280e-03 3.313239721614377170e-43
4.690000000000003944e+00 3.984833054980424852e-03 9.974289404850466417e-03 -5.202811154252294910e-43
4.700000000000003730e+00 3.956648121647036304e-03 9.934639248562034120e-03 1.110734299935456266e-43
4.710000000000003517e+00 3.911979221550582024e-03 9.828442885776920296e-03 6.607593380335775017e-44
4.720000000000004192e+00 3.896140284020124887e-03 9.745362241738558459e-03 -4.202178476580398042e-44
4.730000000000003979e+00 3.897481976368358508e-03 9.698085859441436807e-03 2.115333950073992447e-45
4.740000000000003766e+00 3.875583992829230873e-03 9.649149595819882241e-03 7.768432646748752616e-45
4.750000000000003553e+00 3.836724858298328367e-03 9.598034226241430183e-03 -2.860779046520913688e-45
4.760000000000003340e+00 3.797855148843740005e-03 9.534118465952626589e-03 -5.170959535789121727e-46
4.770000000000004015e+00 3.770246032057183831e-03 9.433269331630592114e-03 7.292839022719173741e-46
4.780000000000003801e+00 3.744103073937194402e-03 9.316713196015851892e-03 -1.469052868915104914e-46
4.790000000000003588e+00 3.712749015208110376e-03 9.226760578094827733e-03 -9.594676064115815922e-47
4.800000000000004263e+00 3.691413636748471384e-03 9.204117067111395808e-03 5.818770713887089216e-47
4.810000000000004050e+00 3.677596583421087906e-03 9.196385505822286463e-03 -2.092908302296011635e-48
4.820000000000003837e+00 3.663755776189142783e-03 9.132002163380500276e-03 -1.102871538866508893e-47
4.830000000000003624e+00 3.671977341773199899e-03 9.097823606747653530e-03 3.899507019782557055e-48
4.840000000000003411e+00 3.702720393210625575e-03 9.124574327599046727e-03 7.976144718678736618e-49
4.850000000000004086e+00 3.725299470485837847e-03 9.139258373325669788e-03 -1.021273972907455539e-48
4.860000000000003872e+00 3.729328629287858004e-03 9.101520503589479241e-03 1.934208329451580925e-49
4.870000000000003659e+00 3.721484117845590654e-03 9.018819975179078949e-03 1.389799093441296306e-49
4.880000000000004334e+00 3.719867979297926137e-03 8.962017296722126977e-03 -8.049136293774671411e-50
4.890000000000004121e+00 3.730975587657334343e-03 8.977101047717418042e-03 1.703338776922202633e-51
4.900000000000003908e+00 3.746219323241668960e-03 9.052290522322108471e-03 1.563792300213920844e-50
4.910000000000003695e+00 3.743148721741305571e-03 9.051864526906625713e-03 -5.306722919423289390e-51
4.920000000000003482e+00 3.722549548942271757e-03 8.947242807260202477e-03 -1.218450095898222013e-51
4.930000000000004157e+00 3.713246384646367183e-03 8.866784350412533142e-03 1.428822972593175657e-51
4.940000000000003944e+00 3.713871942520493609e-03 8.862172583689273755e-03 -2.533593797993197267e-52
4.950000000000003730e+00 3.709016019699997151e-03 8.898841779047227118e-03 -2.008553675417497141e-52
4.960000000000004405e+00 3.687636363212854537e-03 8.847820800690174917e-03 1.112293426221977375e-52
4.970000000000004192e+00 3.652277895167878839e-03 8.729205424121070159e-03 -6.529395132020548275e-55
4.980000000000003979e+00 3.611439584649123527e-03 8.644759759976718833e-03 -2.214694789119185531e-53
4.990000000000003766e+00 3.558560727241026622e-03 8.542013279807043197e-03 7.209268480789935627e-54
